0316311294
125077313X
1911490273
0061992887
0593358805
1250439205
1405277882
188896314X
0593974352
1590203356
1501160443
0345337662
0399547975
0345466454
0393338827
0544445783
979-8228396258
0316361194
1368098045
0062428861
0141439572
0393324818
067179227X
172019386X
125026717X
0545162076
144247243X
9780307387899
0142425834
1955252017
979-8756593099
0380807343
0060530944
0553593544
0618894640
0358448921
0316229296
0547722028
0316539880
0593724305
1250781256
0316219045
9780765386694
0063081911
1984819615
0593497058
0593497023
0345535529
0345418913
0593873378
0062662589
0008501858
0399555803
0385743572
1616964022
1250899664
0765360039
0765381028
0756407125
0593725425
9781250076960
1451627297
198211598X
0307947300
1501142976
1982141174
9123557273
0593499581
0345485386
0451205766
0553283685
0441007465
0062387243
0439023521
0553380958
1501144820
0553448145
0062227203
0345468260
9781784752231
0316399736
0316440884
0593135229
034553980X
0756419263